[
2404051525412854263861249727376062165279881580672213639055220710922383263725 
,1301108143038917080813415141243301358410884631265560236069923826467924482577
,2510588219485225372132209782209152884407953648760337364223786473598719147716
,1605126281526213312365730068526982448679605856173044615437557898822210311031
,147423340419018207421839669887138750956001455290044897046538100786353897758
,612915067195306509157583348258659096827525063358078025826750381945460659566
,1251735723833979221084270483738893755954286503855834611866768699552648264035
,3371045386944086261868475796714030082942267583817648265880832442043007218377
,1425477449026040492633023941184549565500481891185182874830452257363749966390
,3057519021947741235538505454252437804469302690477725683141658731752641349328
,1887233785552073083681025309335961910373813176650989358884062433854140138424
,3011786155342617544205935146910307008444355357307574451732172032660664216033
]

[
482367485045007940795019379095271807050200532340671671675324665423399617534
,3125315487512731700086825831577599617732905270833713762144661962339151214093
,3377080101493418901771898388467501408592703296316003277450792096716359537643
,2987487139459416238325990354915206084649717466208566030921445943388043804241
,840268729073666799074955071925554425694687811177007306935287366831783504324
,1717978287987371205553012865184375056436737992379217292160826847202404466872
,3082855743104023748670752493322322280473727223274025327765654833483150311022
,2774650226403213207704212561529732051634306837834737019065872112476197218120
,1974178488326158091355696208111864086793783330275542083487748618661816117852
,1953105041189371503577415473886231651687412841437715155830771724259130888813
,1286752544749461594029458919216688621158658011889207563821053863943797725550
,253191981718199628305070489527729272668491674998469626268280524622549922024
,2551741483559659565050697469154164877275788844223515557839506927221784926380
,2866239431126297197442908116935904967543191892049816645523815323272561561493
,3505263923446687578630514718288332339023556948901950219168303458541598445092
]